39.916667 116.416667
-40.600000 -111.800000
-23.166667 -44.183333
8.316667 77.050000
8.500000 76.950000
8.683333 77.083333
8.750000 77.083333
9.566667 76.816667
9.500000 77.200000
9.483333 77.233333
-21.033333 55.683333
-22.950000 -43.200000
6.283333 -75.533333
22.416667 105.583333
-21.050000 55.250000
17.133333 -25.066667
45.466667 -73.750000
13.800000 -61.033333
38.883333 -92.883333
20.95	-155.545314
21.216667	114.932665
23.016667	72.584549
24.766667	110.496196
25.033333	121.520111
25.033333	121.520111
34.666667	133.665603
38.266667	140.856809
39.566667	-84.737965
39.883333	-84.17967
43.033333	-0.378747
43.066667	0.237295
46.616667	1.090734
47.916667	-0.724893
48.45	7.48761
48.833333	2.34397
49.066667	2.5044
49.283333	-0.316773
64.133333	-21.86274
